==============================================================
  Wall Pick-and-Place — Path
==============================================================
  Waypoints : 5   Cost : 1.651059

     0   +0.399200   -1.060500   +1.761700   +0.869600   +1.570800   -1.171600
     1   +0.183316   -1.417848   +1.328735   +0.271080   +2.095499   -1.696310
     2   -0.233400   -1.338283   +1.376268   +0.345654   +1.790060   -1.395580
     3   -0.706776   -1.250345   +1.615963   +0.581826   +1.766496   -2.141501
     4   -0.950100   -1.060400   +1.761400   +0.869800   +1.570800   -2.520900
